{
  "name": "Rig_Finger",
  "type": "Rig_Finger",
  "library": "orodruin-library",
  "metadata": {
    "serialization_type": "definition"
  },
  "ports": [
    {
      "name": "aim_axis",
      "metadata": {
        "serialization_type": "definition"
      },
      "direction": "input",
      "type": "Vector3",
      "default_value": [
        1.0,
        0.0,
        0.0
      ],
      "children": [
        {
          "name": "aim_axisX",
          "metadata": {
            "serialization_type": "definition"
          },
          "direction": "input",
          "type": "float",
          "default_value": 1.0
        },
        {
          "name": "aim_axisY",
          "metadata": {
            "serialization_type": "definition"
          },
          "direction": "input",
          "type": "float",
          "default_value": 0.0
        },
        {
          "name": "aim_axisZ",
          "metadata": {
            "serialization_type": "definition"
          },
          "direction": "input",
          "type": "float",
          "default_value": 0.0
        }
      ]
    },
    {
      "name": "up_axis",
      "metadata": {
        "serialization_type": "definition"
      },
      "direction": "input",
      "type": "Vector3",
      "default_value": [
        0.0,
        0.0,
        -1.0
      ],
      "children": [
        {
          "name": "up_axisX",
          "metadata": {
            "serialization_type": "definition"
          },
          "direction": "input",
          "type": "float",
          "default_value": 0.0
        },
        {
          "name": "up_axisY",
          "metadata": {
            "serialization_type": "definition"
          },
          "direction": "input",
          "type": "float",
          "default_value": 0.0
        },
        {
          "name": "up_axisZ",
          "metadata": {
            "serialization_type": "definition"
          },
          "direction": "input",
          "type": "float",
          "default_value": -1.0
        }
      ]
    },
    {
      "name": "guides_group",
      "metadata": {
        "serialization_type": "definition"
      },
      "direction": "input",
      "type": "Reference",
      "default_value": ""
    },
    {
      "name": "parent_joint",
      "metadata": {
        "serialization_type": "definition"
      },
      "direction": "input",
      "type": "Reference",
      "default_value": ""
    },
    {
      "name": "parent_control",
      "metadata": {
        "serialization_type": "definition"
      },
      "direction": "input",
      "type": "Reference",
      "default_value": ""
    }
  ],
  "graph": {
    "nodes": [
      {
        "name": "start_JNT",
        "type": "Joint",
        "library": "orodruin-library",
        "metadata": {
          "serialization_type": "instance"
        },
        "editor": {
          "position": [
            775.0,
            -150.0
          ]
        },
        "ports": [
          {
            "name": "translate",
            "metadata": {
              "serialization_type": "instance"
            },
            "value": [
              0.0,
              0.0,
              0.0
            ],
            "children": [
              {
                "name": "translateX",
                "metadata": {
                  "serialization_type": "instance"
                },
                "value": 0.0
              },
              {
                "name": "translateY",
                "metadata": {
                  "serialization_type": "instance"
                },
                "value": 0.0
              },
              {
                "name": "translateZ",
                "metadata": {
                  "serialization_type": "instance"
                },
                "value": 0.0
              }
            ]
          },
          {
            "name": "rotate",
            "metadata": {
              "serialization_type": "instance"
            },
            "value": [
              0.0,
              -0.0,
              0.0
            ],
            "children": [
              {
                "name": "rotateX",
                "metadata": {
                  "serialization_type": "instance"
                },
                "value": 0.0
              },
              {
                "name": "rotateY",
                "metadata": {
                  "serialization_type": "instance"
                },
                "value": -0.0
              },
              {
                "name": "rotateZ",
                "metadata": {
                  "serialization_type": "instance"
                },
                "value": 0.0
              }
            ]
          },
          {
            "name": "scale",
            "metadata": {
              "serialization_type": "instance"
            },
            "value": [
              1.0,
              1.0,
              1.0
            ],
            "children": [
              {
                "name": "scaleX",
                "metadata": {
                  "serialization_type": "instance"
                },
                "value": 1.0
              },
              {
                "name": "scaleY",
                "metadata": {
                  "serialization_type": "instance"
                },
                "value": 1.0
              },
              {
                "name": "scaleZ",
                "metadata": {
                  "serialization_type": "instance"
                },
                "value": 1.0
              }
            ]
          },
          {
            "name": "rest_matrix",
            "metadata": {
              "serialization_type": "instance"
            },
            "value": [
              0.8944271909999157,
              0.44721359549995815,
              -7.526829610980901e-19,
              0.0,
              0.44721359549995815,
              -0.894427190999916,
              1.256530961034526e-16,
              0.0,
              5.552055278751835e-17,
              -1.127241558415578e-16,
              -1.0,
              0.0,
              0.0,
              0.0,
              0.0,
              1.0
            ]
          },
          {
            "name": "inherits_transform",
            "metadata": {
              "serialization_type": "instance"
            },
            "value": true
          },
          {
            "name": "parent",
            "metadata": {
              "serialization_type": "instance"
            },
            "value": ""
          },
          {
            "name": "self",
            "metadata": {
              "serialization_type": "instance"
            },
            "value": ""
          },
          {
            "name": "world_matrix",
            "metadata": {
              "serialization_type": "instance"
            },
            "value": [
              0.8944271909999157,
              0.44721359549995815,
              -7.526829610980901e-19,
              0.0,
              0.44721359549995815,
              -0.894427190999916,
              1.256530961034526e-16,
              0.0,
              5.552055278751835e-17,
              -1.127241558415578e-16,
              -1.0,
              0.0,
              0.0,
              0.0,
              0.0,
              1.0
            ]
          },
          {
            "name": "matrix",
            "metadata": {
              "serialization_type": "instance"
            },
            "value": [
              1.0,
              0.0,
              0.0,
              0.0,
              0.0,
              1.0,
              0.0,
              0.0,
              0.0,
              0.0,
              1.0,
              0.0,
              0.0,
              0.0,
              0.0,
              1.0
            ]
          }
        ],
        "graph": {
          "nodes": [],
          "connections": []
        }
      },
      {
        "name": "Rig_FK",
        "type": "Rig_FK",
        "library": "orodruin-library",
        "metadata": {
          "serialization_type": "instance"
        },
        "editor": {
          "position": [
            350.0,
            225.0
          ]
        },
        "ports": [
          {
            "name": "start_matrix",
            "metadata": {
              "serialization_type": "instance"
            },
            "value": [
              0.8944271909999157,
              0.44721359549995815,
              -7.526829610980901e-19,
              0.0,
              0.44721359549995815,
              -0.894427190999916,
              1.256530961034526e-16,
              0.0,
              5.552055278751835e-17,
              -1.127241558415578e-16,
              -1.0,
              0.0,
              0.0,
              0.0,
              0.0,
              1.0
            ]
          },
          {
            "name": "mid_matrix",
            "metadata": {
              "serialization_type": "instance"
            },
            "value": [
              0.8944271909999157,
              -0.44721359549995815,
              7.5268296109809605e-19,
              0.0,
              -0.4472135954999583,
              -0.894427190999916,
              1.2565309610345259e-16,
              0.0,
              -5.552055278751838e-17,
              -1.127241558415578e-16,
              -1.0,
              0.0,
              20.0,
              9.999999999999998,
              2.711709361697228e-31,
              1.0
            ]
          },
          {
            "name": "end_matrix",
            "metadata": {
              "serialization_type": "instance"
            },
            "value": [
              0.894427190999916,
              -0.4472135954999583,
              1.3288916616271927e-32,
              0.0,
              -0.4472135954999584,
              -0.894427190999916,
              1.224646799147353e-16,
              0.0,
              -5.4767869826420306e-17,
              -1.0953573965284054e-16,
              -1.0,
              0.0,
              40.0,
              0.0,
              5.300159206953673e-31,
              1.0
            ]
          },
          {
            "name": "start_guide",
            "metadata": {
              "serialization_type": "instance"
            },
            "value": [
              0.8944271909999157,
              0.44721359549995815,
              -7.526829610980901e-19,
              0.0,
              0.44721359549995815,
              -0.894427190999916,
              1.256530961034526e-16,
              0.0,
              5.552055278751835e-17,
              -1.127241558415578e-16,
              -1.0,
              0.0,
              0.0,
              0.0,
              0.0,
              1.0
            ]
          },
          {
            "name": "mid_guide",
            "metadata": {
              "serialization_type": "instance"
            },
            "value": [
              0.5999999999999998,
              0.8000000000000002,
              9.931818414500516e-17,
              0.0,
              -0.8000000000000005,
              0.5999999999999996,
              -4.96590920725026e-17,
              0.0,
              -9.931818414500519e-17,
              -4.965909207250261e-17,
              1.0,
              0.0,
              22.360679774997898,
              7.105427357601002e-15,
              -1.683050266521097e-17,
              1.0
            ]
          },
          {
            "name": "end_guide",
            "metadata": {
              "serialization_type": "instance"
            },
            "value": [
              1.0000000000000002,
              5.551115123125783e-17,
              7.526829610980899e-19,
              0.0,
              -1.1102230246251565e-16,
              1.0,
              3.188416188717289e-18,
              0.0,
              -7.526829610980776e-19,
              -3.1884161887172644e-18,
              1.0,
              0.0,
              22.360679774997898,
              -7.105427357601002e-15,
              1.6830502665210575e-17,
              1.0
            ]
          },
          {
            "name": "start_local_matrix",
            "metadata": {
              "serialization_type": "instance"
            },
            "value": [
              1.0,
              0.0,
              0.0,
              0.0,
              0.0,
              1.0,
              0.0,
              0.0,
              0.0,
              0.0,
              1.0,
              0.0,
              0.0,
              0.0,
              0.0,
              1.0
            ]
          },
          {
            "name": "mid_local_matrix",
            "metadata": {
              "serialization_type": "instance"
            },
            "value": [
              1.0,
              0.0,
              0.0,
              0.0,
              0.0,
              1.0,
              0.0,
              0.0,
              0.0,
              0.0,
              1.0,
              0.0,
              0.0,
              0.0,
              0.0,
              1.0
            ]
          },
          {
            "name": "end_local_matrix",
            "metadata": {
              "serialization_type": "instance"
            },
            "value": [
              1.0,
              0.0,
              0.0,
              0.0,
              0.0,
              1.0,
              0.0,
              0.0,
              0.0,
              0.0,
              1.0,
              0.0,
              0.0,
              0.0,
              0.0,
              1.0
            ]
          },
          {
            "name": "parent_control",
            "metadata": {
              "serialization_type": "instance"
            },
            "value": ""
          }
        ],
        "graph": {
          "nodes": [
            {
              "name": "end_CON",
              "type": "Control",
              "library": "orodruin-library",
              "metadata": {
                "serialization_type": "instance"
              },
              "editor": {
                "position": [
                  75.0,
                  0.0
                ]
              },
              "ports": [
                {
                  "name": "translate",
                  "metadata": {
                    "serialization_type": "instance"
                  },
                  "value": [
                    0.0,
                    0.0,
                    0.0
                  ],
                  "children": [
                    {
                      "name": "translateX",
                      "metadata": {
                        "serialization_type": "instance"
                      },
                      "value": 0.0
                    },
                    {
                      "name": "translateY",
                      "metadata": {
                        "serialization_type": "instance"
                      },
                      "value": 0.0
                    },
                    {
                      "name": "translateZ",
                      "metadata": {
                        "serialization_type": "instance"
                      },
                      "value": 0.0
                    }
                  ]
                },
                {
                  "name": "rotate",
                  "metadata": {
                    "serialization_type": "instance"
                  },
                  "value": [
                    0.0,
                    0.0,
                    0.0
                  ],
                  "children": [
                    {
                      "name": "rotateX",
                      "metadata": {
                        "serialization_type": "instance"
                      },
                      "value": 0.0
                    },
                    {
                      "name": "rotateY",
                      "metadata": {
                        "serialization_type": "instance"
                      },
                      "value": 0.0
                    },
                    {
                      "name": "rotateZ",
                      "metadata": {
                        "serialization_type": "instance"
                      },
                      "value": 0.0
                    }
                  ]
                },
                {
                  "name": "scale",
                  "metadata": {
                    "serialization_type": "instance"
                  },
                  "value": [
                    1.0,
                    1.0,
                    1.0
                  ],
                  "children": [
                    {
                      "name": "scaleX",
                      "metadata": {
                        "serialization_type": "instance"
                      },
                      "value": 1.0
                    },
                    {
                      "name": "scaleY",
                      "metadata": {
                        "serialization_type": "instance"
                      },
                      "value": 1.0
                    },
                    {
                      "name": "scaleZ",
                      "metadata": {
                        "serialization_type": "instance"
                      },
                      "value": 1.0
                    }
                  ]
                },
                {
                  "name": "rest_matrix",
                  "metadata": {
                    "serialization_type": "instance"
                  },
                  "value": [
                    1.0000000000000002,
                    5.551115123125783e-17,
                    7.526829610980899e-19,
                    0.0,
                    -1.1102230246251565e-16,
                    1.0,
                    3.188416188717289e-18,
                    0.0,
                    -7.526829610980776e-19,
                    -3.1884161887172644e-18,
                    1.0,
                    0.0,
                    22.360679774997898,
                    -7.105427357601002e-15,
                    1.6830502665210575e-17,
                    1.0
                  ]
                },
                {
                  "name": "inherits_transform",
                  "metadata": {
                    "serialization_type": "instance"
                  },
                  "value": true
                },
                {
                  "name": "parent",
                  "metadata": {
                    "serialization_type": "instance"
                  },
                  "value": ""
                },
                {
                  "name": "self",
                  "metadata": {
                    "serialization_type": "instance"
                  },
                  "value": ""
                },
                {
                  "name": "world_matrix",
                  "metadata": {
                    "serialization_type": "instance"
                  },
                  "value": [
                    0.894427190999916,
                    -0.4472135954999583,
                    1.3288916616271927e-32,
                    0.0,
                    -0.4472135954999584,
                    -0.894427190999916,
                    1.224646799147353e-16,
                    0.0,
                    -5.4767869826420306e-17,
                    -1.0953573965284054e-16,
                    -1.0,
                    0.0,
                    40.0,
                    0.0,
                    5.300159206953673e-31,
                    1.0
                  ]
                },
                {
                  "name": "matrix",
                  "metadata": {
                    "serialization_type": "instance"
                  },
                  "value": [
                    1.0,
                    0.0,
                    0.0,
                    0.0,
                    0.0,
                    1.0,
                    0.0,
                    0.0,
                    0.0,
                    0.0,
                    1.0,
                    0.0,
                    0.0,
                    0.0,
                    0.0,
                    1.0
                  ]
                }
              ],
              "graph": {
                "nodes": [],
                "connections": []
              }
            },
            {
              "name": "mid_CON",
              "type": "Control",
              "library": "orodruin-library",
              "metadata": {
                "serialization_type": "instance"
              },
              "editor": {
                "position": [
                  -125.0,
                  -150.0
                ]
              },
              "ports": [
                {
                  "name": "translate",
                  "metadata": {
                    "serialization_type": "instance"
                  },
                  "value": [
                    0.0,
                    0.0,
                    0.0
                  ],
                  "children": [
                    {
                      "name": "translateX",
                      "metadata": {
                        "serialization_type": "instance"
                      },
                      "value": 0.0
                    },
                    {
                      "name": "translateY",
                      "metadata": {
                        "serialization_type": "instance"
                      },
                      "value": 0.0
                    },
                    {
                      "name": "translateZ",
                      "metadata": {
                        "serialization_type": "instance"
                      },
                      "value": 0.0
                    }
                  ]
                },
                {
                  "name": "rotate",
                  "metadata": {
                    "serialization_type": "instance"
                  },
                  "value": [
                    0.0,
                    0.0,
                    0.0
                  ],
                  "children": [
                    {
                      "name": "rotateX",
                      "metadata": {
                        "serialization_type": "instance"
                      },
                      "value": 0.0
                    },
                    {
                      "name": "rotateY",
                      "metadata": {
                        "serialization_type": "instance"
                      },
                      "value": 0.0
                    },
                    {
                      "name": "rotateZ",
                      "metadata": {
                        "serialization_type": "instance"
                      },
                      "value": 0.0
                    }
                  ]
                },
                {
                  "name": "scale",
                  "metadata": {
                    "serialization_type": "instance"
                  },
                  "value": [
                    1.0,
                    1.0,
                    1.0
                  ],
                  "children": [
                    {
                      "name": "scaleX",
                      "metadata": {
                        "serialization_type": "instance"
                      },
                      "value": 1.0
                    },
                    {
                      "name": "scaleY",
                      "metadata": {
                        "serialization_type": "instance"
                      },
                      "value": 1.0
                    },
                    {
                      "name": "scaleZ",
                      "metadata": {
                        "serialization_type": "instance"
                      },
                      "value": 1.0
                    }
                  ]
                },
                {
                  "name": "rest_matrix",
                  "metadata": {
                    "serialization_type": "instance"
                  },
                  "value": [
                    0.5999999999999998,
                    0.8000000000000002,
                    9.931818414500516e-17,
                    0.0,
                    -0.8000000000000005,
                    0.5999999999999996,
                    -4.96590920725026e-17,
                    0.0,
                    -9.931818414500519e-17,
                    -4.965909207250261e-17,
                    1.0,
                    0.0,
                    22.360679774997898,
                    7.105427357601002e-15,
                    -1.683050266521097e-17,
                    1.0
                  ]
                },
                {
                  "name": "inherits_transform",
                  "metadata": {
                    "serialization_type": "instance"
                  },
                  "value": true
                },
                {
                  "name": "parent",
                  "metadata": {
                    "serialization_type": "instance"
                  },
                  "value": ""
                },
                {
                  "name": "self",
                  "metadata": {
                    "serialization_type": "instance"
                  },
                  "value": ""
                },
                {
                  "name": "world_matrix",
                  "metadata": {
                    "serialization_type": "instance"
                  },
                  "value": [
                    0.8944271909999157,
                    -0.44721359549995815,
                    7.5268296109809605e-19,
                    0.0,
                    -0.4472135954999583,
                    -0.894427190999916,
                    1.2565309610345259e-16,
                    0.0,
                    -5.552055278751838e-17,
                    -1.127241558415578e-16,
                    -1.0,
                    0.0,
                    20.0,
                    9.999999999999998,
                    2.711709361697228e-31,
                    1.0
                  ]
                },
                {
                  "name": "matrix",
                  "metadata": {
                    "serialization_type": "instance"
                  },
                  "value": [
                    1.0,
                    0.0,
                    0.0,
                    0.0,
                    0.0,
                    1.0,
                    0.0,
                    0.0,
                    0.0,
                    0.0,
                    1.0,
                    0.0,
                    0.0,
                    0.0,
                    0.0,
                    1.0
                  ]
                }
              ],
              "graph": {
                "nodes": [],
                "connections": []
              }
            },
            {
              "name": "start_CON",
              "type": "Control",
              "library": "orodruin-library",
              "metadata": {
                "serialization_type": "instance"
              },
              "editor": {
                "position": [
                  -325.0,
                  -425.0
                ]
              },
              "ports": [
                {
                  "name": "translate",
                  "metadata": {
                    "serialization_type": "instance"
                  },
                  "value": [
                    0.0,
                    0.0,
                    0.0
                  ],
                  "children": [
                    {
                      "name": "translateX",
                      "metadata": {
                        "serialization_type": "instance"
                      },
                      "value": 0.0
                    },
                    {
                      "name": "translateY",
                      "metadata": {
                        "serialization_type": "instance"
                      },
                      "value": 0.0
                    },
                    {
                      "name": "translateZ",
                      "metadata": {
                        "serialization_type": "instance"
                      },
                      "value": 0.0
                    }
                  ]
                },
                {
                  "name": "rotate",
                  "metadata": {
                    "serialization_type": "instance"
                  },
                  "value": [
                    0.0,
                    0.0,
                    0.0
                  ],
                  "children": [
                    {
                      "name": "rotateX",
                      "metadata": {
                        "serialization_type": "instance"
                      },
                      "value": 0.0
                    },
                    {
                      "name": "rotateY",
                      "metadata": {
                        "serialization_type": "instance"
                      },
                      "value": 0.0
                    },
                    {
                      "name": "rotateZ",
                      "metadata": {
                        "serialization_type": "instance"
                      },
                      "value": 0.0
                    }
                  ]
                },
                {
                  "name": "scale",
                  "metadata": {
                    "serialization_type": "instance"
                  },
                  "value": [
                    1.0,
                    1.0,
                    1.0
                  ],
                  "children": [
                    {
                      "name": "scaleX",
                      "metadata": {
                        "serialization_type": "instance"
                      },
                      "value": 1.0
                    },
                    {
                      "name": "scaleY",
                      "metadata": {
                        "serialization_type": "instance"
                      },
                      "value": 1.0
                    },
                    {
                      "name": "scaleZ",
                      "metadata": {
                        "serialization_type": "instance"
                      },
                      "value": 1.0
                    }
                  ]
                },
                {
                  "name": "rest_matrix",
                  "metadata": {
                    "serialization_type": "instance"
                  },
                  "value": [
                    0.8944271909999157,
                    0.44721359549995815,
                    -7.526829610980901e-19,
                    0.0,
                    0.44721359549995815,
                    -0.894427190999916,
                    1.256530961034526e-16,
                    0.0,
                    5.552055278751835e-17,
                    -1.127241558415578e-16,
                    -1.0,
                    0.0,
                    0.0,
                    0.0,
                    0.0,
                    1.0
                  ]
                },
                {
                  "name": "inherits_transform",
                  "metadata": {
                    "serialization_type": "instance"
                  },
                  "value": true
                },
                {
                  "name": "parent",
                  "metadata": {
                    "serialization_type": "instance"
                  },
                  "value": ""
                },
                {
                  "name": "self",
                  "metadata": {
                    "serialization_type": "instance"
                  },
                  "value": ""
                },
                {
                  "name": "world_matrix",
                  "metadata": {
                    "serialization_type": "instance"
                  },
                  "value": [
                    0.8944271909999157,
                    0.44721359549995815,
                    -7.526829610980901e-19,
                    0.0,
                    0.44721359549995815,
                    -0.894427190999916,
                    1.256530961034526e-16,
                    0.0,
                    5.552055278751835e-17,
                    -1.127241558415578e-16,
                    -1.0,
                    0.0,
                    0.0,
                    0.0,
                    0.0,
                    1.0
                  ]
                },
                {
                  "name": "matrix",
                  "metadata": {
                    "serialization_type": "instance"
                  },
                  "value": [
                    1.0,
                    0.0,
                    0.0,
                    0.0,
                    0.0,
                    1.0,
                    0.0,
                    0.0,
                    0.0,
                    0.0,
                    1.0,
                    0.0,
                    0.0,
                    0.0,
                    0.0,
                    1.0
                  ]
                }
              ],
              "graph": {
                "nodes": [],
                "connections": []
              }
            }
          ],
          "connections": [
            {
              "source": "mid_CON.self",
              "target": "end_CON.parent"
            },
            {
              "source": "end_CON.world_matrix",
              "target": ".end_matrix"
            },
            {
              "source": "start_CON.self",
              "target": "mid_CON.parent"
            },
            {
              "source": "mid_CON.world_matrix",
              "target": ".mid_matrix"
            },
            {
              "source": "start_CON.world_matrix",
              "target": ".start_matrix"
            },
            {
              "source": ".end_guide",
              "target": "end_CON.rest_matrix"
            },
            {
              "source": ".mid_guide",
              "target": "mid_CON.rest_matrix"
            },
            {
              "source": ".start_guide",
              "target": "start_CON.rest_matrix"
            },
            {
              "source": "start_CON.matrix",
              "target": ".start_local_matrix"
            },
            {
              "source": "mid_CON.matrix",
              "target": ".mid_local_matrix"
            },
            {
              "source": "end_CON.matrix",
              "target": ".end_local_matrix"
            },
            {
              "source": ".parent_control",
              "target": "start_CON.parent"
            }
          ]
        }
      },
      {
        "name": "RestSolver_TwoBone",
        "type": "RestSolver_TwoBone",
        "library": "orodruin-library",
        "metadata": {
          "serialization_type": "instance"
        },
        "editor": {
          "position": [
            150.0,
            50.0
          ]
        },
        "ports": [
          {
            "name": "start_matrix",
            "metadata": {
              "serialization_type": "instance"
            },
            "value": [
              0.8944271909999157,
              0.44721359549995815,
              -7.526829610980901e-19,
              0.0,
              0.44721359549995815,
              -0.894427190999916,
              1.256530961034526e-16,
              0.0,
              5.552055278751835e-17,
              -1.127241558415578e-16,
              -1.0,
              0.0,
              0.0,
              0.0,
              0.0,
              1.0
            ]
          },
          {
            "name": "mid_matrix",
            "metadata": {
              "serialization_type": "instance"
            },
            "value": [
              0.5999999999999998,
              0.8000000000000002,
              9.931818414500516e-17,
              0.0,
              -0.8000000000000005,
              0.5999999999999996,
              -4.96590920725026e-17,
              0.0,
              -9.931818414500519e-17,
              -4.965909207250261e-17,
              1.0,
              0.0,
              22.360679774997898,
              7.105427357601002e-15,
              -1.683050266521097e-17,
              1.0
            ]
          },
          {
            "name": "end_matrix",
            "metadata": {
              "serialization_type": "instance"
            },
            "value": [
              1.0000000000000002,
              5.551115123125783e-17,
              7.526829610980899e-19,
              0.0,
              -1.1102230246251565e-16,
              1.0,
              3.188416188717289e-18,
              0.0,
              -7.526829610980776e-19,
              -3.1884161887172644e-18,
              1.0,
              0.0,
              22.360679774997898,
              -7.105427357601002e-15,
              1.6830502665210575e-17,
              1.0
            ]
          },
          {
            "name": "start_inverse_matrix",
            "metadata": {
              "serialization_type": "instance"
            },
            "value": [
              0.894427190999916,
              0.4472135954999581,
              5.552055278751835e-17,
              0.0,
              0.4472135954999581,
              -0.8944271909999156,
              -1.127241558415578e-16,
              0.0,
              -7.526829610980837e-19,
              1.2565309610345259e-16,
              -1.0,
              0.0,
              0.0,
              0.0,
              0.0,
              1.0
            ]
          },
          {
            "name": "mid_inverse_matrix",
            "metadata": {
              "serialization_type": "instance"
            },
            "value": [
              0.894427190999916,
              -0.44721359549995815,
              -5.552055278751836e-17,
              0.0,
              -0.4472135954999581,
              -0.8944271909999156,
              -1.127241558415578e-16,
              0.0,
              7.526829610980591e-19,
              1.2565309610345259e-16,
              -1.0,
              0.0,
              -13.416407864998737,
              17.88854381999832,
              2.237652614165945e-15,
              1.0
            ]
          },
          {
            "name": "end_inverse_matrix",
            "metadata": {
              "serialization_type": "instance"
            },
            "value": [
              0.8944271909999157,
              -0.44721359549995815,
              -5.4767869826420293e-17,
              0.0,
              -0.44721359549995815,
              -0.8944271909999155,
              -1.0953573965284051e-16,
              0.0,
              -0.0,
              1.2246467991473532e-16,
              -1.0,
              0.0,
              -35.77708763999663,
              17.888543819998326,
              2.1907147930568115e-15,
              1.0
            ]
          },
          {
            "name": "aim_axis",
            "metadata": {
              "serialization_type": "instance"
            },
            "value": [
              1.0,
              0.0,
              0.0
            ],
            "children": [
              {
                "name": "aim_axisX",
                "metadata": {
                  "serialization_type": "instance"
                },
                "value": 1.0
              },
              {
                "name": "aim_axisY",
                "metadata": {
                  "serialization_type": "instance"
                },
                "value": 0.0
              },
              {
